[gd_scene load_steps=8 format=3 uid="uid://c3smnt8260xx5"]

[ext_resource type="PackedScene" uid="uid://dpo8gfvhfbnxg" path="res://addons/example/object.tscn" id="1_blm0h"]
[ext_resource type="PackedScene" uid="uid://dopy5pc22iq5y" path="res://rigid_body_3d.tscn" id="2_xw7lr"]

[sub_resource type="PlaneMesh" id="PlaneMesh_rejd1"]
size = Vector2(100, 100)

[sub_resource type="StandardMaterial3D" id="StandardMaterial3D_q7nks"]

[sub_resource type="ConcavePolygonShape3D" id="ConcavePolygonShape3D_emqf3"]
data = PackedVector3Array(50, 0, 50, -50, 0, 50, 50, 0, -50, -50, 0, 50, -50, 0, -50, 50, 0, -50)

[sub_resource type="BoxMesh" id="BoxMesh_x1dl8"]
size = Vector3(20, 20, 20)

[sub_resource type="ConcavePolygonShape3D" id="ConcavePolygonShape3D_mwahv"]
data = PackedVector3Array(-10, 10, 10, 10, 10, 10, -10, -10, 10, 10, 10, 10, 10, -10, 10, -10, -10, 10, 10, 10, -10, -10, 10, -10, 10, -10, -10, -10, 10, -10, -10, -10, -10, 10, -10, -10, 10, 10, 10, 10, 10, -10, 10, -10, 10, 10, 10, -10, 10, -10, -10, 10, -10, 10, -10, 10, -10, -10, 10, 10, -10, -10, -10, -10, 10, 10, -10, -10, 10, -10, -10, -10, 10, 10, 10, -10, 10, 10, 10, 10, -10, -10, 10, 10, -10, 10, -10, 10, 10, -10, -10, -10, 10, 10, -10, 10, -10, -10, -10, 10, -10, 10, 10, -10, -10, -10, -10, -10)

[node name="TestRoom" type="Node3D"]

[node name="Floor" type="MeshInstance3D" parent="."]
transform = Transform3D(1, 0, 0, 0, 1, 0, 0, 0, 1, 3.41728, -9.53674e-07, 11.0866)
mesh = SubResource("PlaneMesh_rejd1")
surface_material_override/0 = SubResource("StandardMaterial3D_q7nks")

[node name="StaticBody3D" type="StaticBody3D" parent="Floor"]

[node name="CollisionShape3D" type="CollisionShape3D" parent="Floor/StaticBody3D"]
shape = SubResource("ConcavePolygonShape3D_emqf3")

[node name="Building" type="MeshInstance3D" parent="."]
transform = Transform3D(0.999832, -0.0175352, 0.00531343, 0.00500523, 0.540356, 0.841421, -0.0176256, -0.841254, 0.540353, 23.3653, -1.75875, 5.68731)
cast_shadow = 0
mesh = SubResource("BoxMesh_x1dl8")

[node name="StaticBody3D" type="StaticBody3D" parent="Building"]

[node name="CollisionShape3D" type="CollisionShape3D" parent="Building/StaticBody3D"]
transform = Transform3D(1, -3.71315e-10, -1.77837e-10, 1.82701e-10, 1, 1.25189e-08, 4.96742e-10, -1.33915e-08, 1, 0, 0, 0)
shape = SubResource("ConcavePolygonShape3D_mwahv")

[node name="Building2" type="MeshInstance3D" parent="."]
transform = Transform3D(0.857553, -0.514395, 1.14491e-08, 0.342776, 0.571445, -0.745624, 0.383545, 0.639412, 0.666366, -26.7928, -0.739761, 7.77844)
cast_shadow = 0
mesh = SubResource("BoxMesh_x1dl8")

[node name="StaticBody3D" type="StaticBody3D" parent="Building2"]

[node name="CollisionShape3D" type="CollisionShape3D" parent="Building2/StaticBody3D"]
transform = Transform3D(1, -3.68254e-08, -5.82371e-10, -5.65157e-09, 1, 1.31886e-08, -9.04504e-09, -1.71814e-08, 1, 0, 0, 0)
shape = SubResource("ConcavePolygonShape3D_mwahv")

[node name="Object" parent="." instance=ExtResource("1_blm0h")]
transform = Transform3D(-0.404235, 0, 0.914655, 0, 1, 0, -0.914655, 0, -0.404235, 2.6356, -9.53674e-07, 16.284)

[node name="RigidBody3D" parent="." instance=ExtResource("2_xw7lr")]
transform = Transform3D(1, 0, 0, 0, 1, 0, 0, 0, 1, 5.46657, 2.89564, -16.6852)
